    0                          9.02
    1                         84.28
    2                          9.02
    3                         263.5
    4                          9.02
    5                       1531.87
    6                          9.02
    7                        847.59
    8                          9.02
    9                       1031.31
   10                          9.02
   11                       1237.03
   12                          9.02
   13                       1683.69
   14                          9.02
   15                        154.46
   16                          9.02
   17                        434.11
   18                       1202.81
   19                          9.02
   20                        997.11
   21                          9.02
   22                        453.71
   23                        992.74
   24                          9.02
   25                       1060.75
   26                          9.02
   27                         301.0
   28                       1152.56
   29                          9.02
   30                        926.04
   31                          9.02
   32                        975.31
   33                          9.02
   34                        480.06
   35                       1286.83
   36                          9.02
   37                       1685.81
   38                          9.02
   39                        402.62
   40                          9.02
   41                        211.96
   42                          9.02
   43                         613.2
   44                       2685.92
   45                         117.2
   46                          9.02
   47                        971.22
   48                          9.02
   49                       1141.05
   50                          9.02
   51                        150.94
   52                          9.02
   53                        753.96
   54                       1832.22
   55                        478.75
   56                          9.02
   57                        2023.7
   58                          9.02
   59                       1094.64
   60                          9.02
   61                        1346.4
   62                          9.02
   63                        756.42
   64                          9.02
   65                        729.65
   66                          9.02
   67                        510.03
   68                        300.51
   69                         117.2
   70                          9.02
   71                       1641.12
   72                          9.02
   73                        1032.0
   74                          9.02
   75                        162.15
   76                          9.02
   77                        323.04
   78                         117.2
   79                          9.02
   80                       1010.97
   81                          9.02
   82                       1171.69
   83                          9.02
   84                         748.1
   85                          9.02
   86                        162.15
   87                          9.02
   88                        124.03
   89                         117.2
   90                          9.02
   91                       1102.61
   92                          9.02
   93                        933.35
   94                          9.02
   95                        157.24
   96                          9.02
   97                        874.73
   98                        425.25
   99                          9.02
  100                       1790.26
  101                          9.02
  102                        1208.7
  103                          9.02
  104                        162.15
  105                          9.02
  106                        871.08
  107                       2268.85
  108                         117.2
  109                          9.02
  110                       1188.66
  111                          9.02
  112                       1139.92
  113                          9.02
  114                         477.6
  115                          9.02
  116                        157.24
  117                          9.02
  118                        200.11
  119                         117.2
  120                          9.02
  121                       1078.06
  122                          9.02
  123                         809.1
  124                        659.41
  125                          9.02
  126                        162.15
  127                          9.02
  128                       1405.66
  129                       2275.64
  130                         117.2
  131                          9.02
  132                       1163.04
  133                          9.02
  134                       1290.98
  135                          9.02
  136                       1512.77
  137                          9.02
  138                        150.94
  139                          9.02
  140                        273.17
  141                        103.18
  142                          9.02
  143                       1867.63
  144                        675.18
  145                          9.02
  146                          9.02
  147                         117.2
  148                          9.02
  149                        799.81
  150                          9.02
  151                        887.69
  152                          9.02
  153                       1044.03
  154                          9.02
  155                        162.15
  156                          9.02
  157                        718.88
  158                       3120.93
  159                         117.2
  160                          9.02
  161                       1324.11
  162                          9.02
  163                        976.02
  164                          9.02
  165                        162.15
  166                          9.02
  167                        141.22
  168                         117.2
  169                          9.02
  170                       1910.55
  171                          9.02
  172                       1296.81
  173                          9.02
  174                        162.15
  175                          9.02
  176                        413.92
  177                         117.2
  178                          9.02
  179                       2103.43
  180                          9.02
  181                       1274.59
  182                          9.02
  183                       1317.94
  184                          9.02
  185                        162.15
  186                          9.02
  187                        684.03
  188                         117.2
  189                          9.02
  190                       1494.62
  191                          9.02
  192                       1726.33
  193                          9.02
  194                       1404.44
  195                          9.02
  196                        157.24
  197                          9.02
  198                         767.0
  199                         117.2
  200                          9.02
  201                       2293.44
  202                          9.02
  203                        721.43
  204                          9.02
  205                       1216.14
  206                          9.02
  207                        678.92
  208                          9.02
  209                        216.69
  210                          9.02
  211                        340.57
  212                        948.73
  213                        807.82
  214                        739.46
  215                        391.78
  216                        405.62
  217                        689.34
  218                       1249.79
  219                        595.03
  220                         261.1
  221                          9.02
  222                          9.02
  223                        190.49
  224                       1047.23
  225                          9.02
  226                        111.44
  227                        247.42
  228                        531.91
  229                        531.91
  230                          9.02
  231                        111.44
  232                       1009.35
  233                        811.74
  234                        463.46
  235                          9.02
  236                          78.3
  237                        247.42
  238                        453.31
  239                        280.64
  240                          9.02
  241                         72.19
  242                        478.13
  243                        850.12
  244                        386.36
  245                          9.02
  246                       1094.35
  247                          9.02
  248                          9.02
  249                          9.02
  250                        188.98
  251                          9.02
  252                          9.02
  253                          9.02
  254                        522.51
  255                          9.02
  256                       1322.58
  257                          9.02
  258                       1012.46
  259                          9.02
  260                       1282.13
  261                          9.02
  262                       1116.61
  263                          9.02
  264                       1510.92
  265                          9.02
  266                        759.34
  267                          9.02
  268                         710.1
  269                          9.02
  270                        569.31
  271                          9.02
  272                        247.57
  273                          9.02
  274                       1409.97
  275                          9.02
  276                       1131.46
  277                          9.02
  278                       1037.74
  279                          9.02
  280                        1369.4
  281                          9.02
  282                       1020.65
  283                          9.02
  284                       1214.48
  285                          9.02
  286                          9.02
  287                        775.59
  288                          9.02
  289                        331.83
  290                          9.02
  291                       1713.26
  292                          9.02
  293                        846.06
  294                          9.02
  295                       1297.59
  296                          9.02
  297                       1094.88
  298                          9.02
  299                       1296.45
  300                          9.02
  301                       1594.94
  302                          9.02
  303                        938.63
  304                          9.02
  305                       1285.55
  306                          9.02
  307                       1541.08
  308                          9.02
  309                       1080.19
  310                          9.02
  311                        1696.9
  312                          9.02
  313                       1853.95
  314                          9.02
  315                       1204.74
  316                          9.02
  317                       1297.58
  318                          9.02
  319                          9.02
