    0                         40.38
    1                       6292.65
    2                         40.38
    3                           1.0
    4                         40.38
    5                         25.62
    6                         40.38
    7                        366.37
    8                         40.38
    9                        129.01
   10                         40.38
   11                         97.92
   12                         40.38
   13                          2.97
   14                         40.38
   15                           1.0
   16                         40.38
   17                        226.73
   18                        163.74
   19                         40.38
   20                         91.81
   21                         40.38
   22                        122.67
   23                        173.14
   24                         40.38
   25                         61.18
   26                         40.38
   27                        121.58
   28                         59.09
   29                         40.38
   30                         80.59
   31                         40.38
   32                          91.1
   33                         40.38
   34                          84.3
   35                         42.87
   36                         40.38
   37                         30.78
   38                         40.38
   39                        706.35
   40                         40.38
   41                          12.3
   42                         40.38
   43                          3.65
   44                         24.84
   45                       6323.06
   46                         40.38
   47                         71.57
   48                         40.38
   49                         36.17
   50                         40.38
   51                       1055.74
   52                         40.38
   53                          3.29
   54                          4.32
   55                         17.68
   56                         40.38
   57                         15.56
   58                         40.38
   59                         70.21
   60                         40.38
   61                         50.48
   62                         40.38
   63                         28.93
   64                         40.38
   65                          84.2
   66                         40.38
   67                       5559.46
   68                      16805.28
   69                       6323.06
   70                         40.38
   71                        795.05
   72                         40.38
   73                         88.75
   74                         40.38
   75                         32.49
   76                         40.38
   77                       3392.02
   78                       6323.06
   79                         40.38
   80                        151.82
   81                         40.38
   82                         26.01
   83                         40.38
   84                        134.36
   85                         40.38
   86                         32.49
   87                         40.38
   88                         35.48
   89                       6323.06
   90                         40.38
   91                         70.82
   92                         40.38
   93                        201.33
   94                         40.38
   95                       1055.74
   96                         40.38
   97                           1.0
   98                         94.21
   99                         40.38
  100                         49.11
  101                         40.38
  102                         12.76
  103                         40.38
  104                         32.49
  105                         40.38
  106                         13.61
  107                          3.69
  108                       6323.06
  109                         40.38
  110                        103.59
  111                         40.38
  112                       1731.02
  113                         40.38
  114                         60.68
  115                         40.38
  116                       1055.74
  117                         40.38
  118                         70.64
  119                       6323.06
  120                         40.38
  121                         76.96
  122                         40.38
  123                        417.84
  124                         96.46
  125                         40.38
  126                         32.49
  127                         40.38
  128                           1.0
  129                          7.81
  130                       6323.06
  131                         40.38
  132                         53.06
  133                         40.38
  134                         63.69
  135                         40.38
  136                         30.32
  137                         40.38
  138                       1055.74
  139                         40.38
  140                         73.92
  141                           1.0
  142                         40.38
  143                          3.34
  144                           1.0
  145                         40.38
  146                         40.38
  147                       6323.06
  148                         40.38
  149                        372.59
  150                         40.38
  151                        279.08
  152                         40.38
  153                         87.93
  154                         40.38
  155                         32.49
  156                         40.38
  157                           5.7
  158                          1.92
  159                       6323.06
  160                         40.38
  161                         82.77
  162                         40.38
  163                        141.05
  164                         40.38
  165                         32.49
  166                         40.38
  167                         44.36
  168                       6323.06
  169                         40.38
  170                         11.95
  171                         40.38
  172                         33.29
  173                         40.38
  174                         32.49
  175                         40.38
  176                         55.42
  177                       6323.06
  178                         40.38
  179                         42.71
  180                         40.38
  181                          25.5
  182                         40.38
  183                          9.57
  184                         40.38
  185                         32.49
  186                         40.38
  187                          15.7
  188                       6323.06
  189                         40.38
  190                         37.73
  191                         40.38
  192                         13.23
  193                         40.38
  194                         23.23
  195                         40.38
  196                       1055.74
  197                         40.38
  198                           1.0
  199                       6323.06
  200                         40.38
  201                         26.85
  202                         40.38
  203                         127.1
  204                         40.38
  205                         49.87
  206                         40.38
  207                          7.88
  208                         40.38
  209                         99.51
  210                         40.38
  211                         21.47
  212                         30.63
  213                         61.59
  214                         96.42
  215                        821.66
  216                         27.06
  217                        552.51
  218                         13.44
  219                         93.11
  220                        458.14
  221                         40.38
  222                         40.38
  223                          6.36
  224                         183.5
  225                         40.38
  226                           1.0
  227                           1.0
  228                           1.0
  229                           1.0
  230                         40.38
  231                           1.0
  232                           1.0
  233                           1.0
  234                           1.0
  235                         40.38
  236                        185.21
  237                           1.0
  238                           1.0
  239                           1.0
  240                         40.38
  241                        185.21
  242                           1.0
  243                           1.0
  244                         11.44
  245                         40.38
  246                         52.44
  247                         40.38
  248                         40.38
  249                         40.38
  250                         32.49
  251                         40.38
  252                         40.38
  253                         40.38
  254                        4091.5
  255                         40.38
  256                         26.08
  257                         40.38
  258                        167.64
  259                         40.38
  260                          62.7
  261                         40.38
  262                         73.33
  263                         40.38
  264                         40.52
  265                         40.38
  266                         29.73
  267                         40.38
  268                         65.87
  269                         40.38
  270                         58.42
  271                         40.38
  272                         72.12
  273                         40.38
  274                          8.81
  275                         40.38
  276                         82.46
  277                         40.38
  278                        207.32
  279                         40.38
  280                         50.58
  281                         40.38
  282                         87.92
  283                         40.38
  284                         77.86
  285                         40.38
  286                         40.38
  287                        374.99
  288                         40.38
  289                        129.56
  290                         40.38
  291                          51.1
  292                         40.38
  293                        102.05
  294                         40.38
  295                         50.71
  296                         40.38
  297                         56.01
  298                         40.38
  299                         50.28
  300                         40.38
  301                         23.98
  302                         40.38
  303                        106.31
  304                         40.38
  305                         67.25
  306                         40.38
  307                         60.78
  308                         40.38
  309                         70.28
  310                         40.38
  311                         37.76
  312                         40.38
  313                         38.52
  314                         40.38
  315                        184.14
  316                         40.38
  317                         62.51
  318                         40.38
  319                         40.38
